0.766
0.7648
0.738
0.6964
0.6484
0.5992
0.5696
0.5468
0.538
0.5408
0.5452
0.5492
0.566
0.5868
0.6104
0.6564
0.7008
0.7416
0.7688
0.7912
0.8008
0.8056
0.806
0.802
0.8028
0.8016
0.8048
0.8072
0.8092
0.8104
0.8116
0.8128
0.8148
0.8152
0.8172
0.8196
0.822
0.8224
0.8224
0.8212
0.8188
0.8192
0.8184
0.8168
0.8164
0.8156
0.8164
0.82
0.8232
0.8228
0.8236
0.8232
0.8264
0.8284
0.8272
0.8236
0.8224
0.8248
0.8232
0.8232
0.8212
0.8224
0.8228
0.8232
0.822
0.8184
0.8168
0.8148
0.8152
0.8168
0.8148
0.8128
0.8124
0.8108
0.8108
0.8104
0.8108
0.8092
0.8104
0.8072
0.8036
0.802
0.8012
0.8012
0.8
0.8
0.7976
0.7972
0.7968
0.7952
0.7956
0.7948
0.7964
0.7964
0.8008
0.802
0.8052
0.8064
0.808
0.81
0.8104
0.8144
0.8172
0.8212
0.8248
0.8268
0.8292
0.8312
0.832
0.832
0.8336
0.8344
0.8344
0.8384
0.8392
0.8408
0.8428
0.8428
0.8432
0.8432
0.8444
0.8448
0.8476
0.8488
0.8504
0.8508
0.852
0.8528
0.854
0.8528
0.8528
0.8524
0.8536
0.8544
0.8556
0.8564
0.8572
0.8576
0.8572
0.8576
0.8568
0.8568
0.8596
0.8604
0.86
0.86
0.8604
0.8596
0.8596
0.86
0.8596
0.8588
0.8584
0.8596
0.8608
0.8604
0.86
0.8596
0.8596
0.8588
0.8576
0.8584
0.8584
0.8592
0.8584
0.8588
0.858
0.8588
0.8576
0.856
0.856
0.8564
0.8552
0.8556
0.8548
0.854
0.8544
0.8548
0.854
0.8528
0.8532
0.8544
0.8544
0.8544
0.854
0.8532
0.8524
0.8528
0.8532
0.8528
0.8528
0.852
0.8524
0.8528
0.8524
0.8524
0.854
0.8524
0.8524
0.8528
0.852
0.8524
0.8532
0.8528
0.8528
0.8524
0.8532
0.8532
0.8528
0.8528
0.852
0.852
0.8516
0.8512
0.8512
0.8516
0.8516
0.8516
0.8516
0.8512
0.8512
0.8504
0.85
0.85
0.85
0.85
0.85
0.8496
0.8496
0.8492
0.8492
0.85
0.8496
0.8488
0.8484
0.8488
0.8488
0.8492
0.8492
0.8488
0.8488
0.8488
0.8488
0.8488
0.8488
0.8488
0.8488
0.8492
0.8488
0.8484
0.848
0.848
0.848
0.848
0.8484
0.8488
0.8488
0.8488
0.8488
0.8484
0.848
0.8476
0.8484
0.8484
0.848
0.8484
0.8484
0.8488
0.8488
0.8492
0.8492
0.8488
0.8488
0.8488
0.8488
0.8488
0.8488
0.8488
0.8488
0.8488
0.8488
0.8484
0.8484
0.8484
0.8484
0.8484
0.8488
0.8488
0.8488
0.8488
0.8488
0.8488
0.8488
0.8488
0.8488
0.8488
0.8492
0.8488
0.8488
0.8488
0.8492
0.8488
0.8488
0.8488
0.8488
0.8488
0.8492
0.8496
0.8492
0.8492
0.85
0.85
0.8504
0.8504
0.8504
0.8504
0.8504
0.8504
0.8504
0.8504
0.85
0.85
0.85
0.85
0.85
0.85
0.85
0.85
0.8496
0.8496
0.8496
0.8496
0.85
0.8496
0.8496
0.8496
0.8496
0.8496
0.8492
0.8492
0.8492
0.8492
0.8492
0.8492
0.8492
0.8492
0.8496
0.8496
0.8504
0.8504
0.8504
0.8508
0.8512
0.8512
0.8516
0.852
0.852
0.8524
0.8524
0.852
0.852
0.852
0.852
0.852
0.852
0.852
0.852
0.852
0.852
0.8516
0.852
0.852
0.852
0.852
0.8524
0.8524
0.8524
0.8524
0.8524
0.8524
0.8524
0.8524
0.8524
0.852
0.852
0.852
0.8528
0.8528
0.8528
0.8532
0.8532
0.8532
0.8532
0.8536
0.8536
0.8536
0.8536
0.8536
0.8536
0.854
0.8536
0.8536
0.8536
0.8536
0.8532
0.8532
0.8532
0.8528
0.8524
0.8524
0.8524
0.852
0.852
0.852
0.852
0.8524
0.8524
0.8524
0.8524
0.8524
0.8524
0.8524
0.8524
0.8524
0.8524
0.8524
0.8524
0.8524
0.8524
0.8532
0.8532
0.8532
0.8532
0.8528
0.8528
0.8528
0.8528
0.8528
0.8528
0.8532
0.8532
0.8532
0.8536
0.8536
0.8536
0.8532
0.8532
0.8532
0.8532
0.8532
0.8532
0.8532
0.8532
0.8532
0.8532
0.8532
0.8536
0.8532
0.8532
0.8532
0.8532
0.8536
0.8528
0.8528
0.8528
0.8528
0.8528
0.8524
0.8524
0.852
0.8524
0.8524
0.8524
0.8524
0.8524
0.8524
0.8532
0.8528
0.8528
0.8532
0.8532
0.8532
0.8532
0.8532
0.8536
0.8536
0.8536
0.8536
0.854
0.854
0.854
0.8544
0.8544
0.8548
0.8552
0.8552
0.8552
0.8552
0.8556
0.856
0.8564
0.8564
0.8564
0.8568
0.8572
0.8572
0.8572
0.8572
0.8576
0.8576
0.8576
0.858
0.8584
0.8588
0.8584
0.8584
0.8588
0.858
0.8584
0.8584
0.8584
0.8588
0.8588
0.8584
0.8584
0.8588
0.8584
0.8584
0.8588
0.8592
0.8592
0.8592
0.8592
0.8592
0.8592
0.8592
0.8592
0.8592
0.8592
0.8592
0.8592
0.8592
0.86
0.86
0.86
0.8604
0.8604
0.8608
0.8612
0.8616
0.862
0.862
0.862
0.8612
0.862
0.862
0.862
0.862
0.862
0.8616
0.8616
0.8616
0.8612
0.8616
0.8612
0.8608
0.8608
0.8608
0.8608
0.8608
0.8608
0.8612
0.8616
0.8616
0.8608
0.8608
0.8608
0.8608
0.8604
0.8608
0.8604
0.8604
0.8612
0.8612
0.8612
0.8616
0.862
0.8616
0.8616
0.8608
0.8612
0.862
0.862
0.862
0.8616
0.8616
0.8612
0.862
0.8616
0.8624
0.8624
0.8624
0.8624
0.862
0.8616
0.8616
0.8616
0.862
0.8616
0.862
0.8624
0.8624
0.8624
0.8624
0.8624
0.8624
0.8616
0.8612
0.8612
0.8612
0.8608
0.8612
0.8612
0.8612
0.8616
0.862
0.8612
0.862
0.8624
0.8624
0.8628
0.8628
0.8628
0.8628
0.8628
0.8628
0.8628
0.8632
0.8632
0.8636
0.8632
0.8632
0.8632
0.8632
0.8636
0.8636
0.8636
0.8636
0.8636
0.8636
0.8628
0.8628
0.8624
0.8624
0.8624
0.8624
0.8624
0.8624
0.8624
0.8624
0.8624
0.8624
0.8624
0.8624
0.8624
0.8624
0.8628
0.8632
0.8628
0.8628
0.8628
0.8624
0.8624
0.8624
0.8628
0.8628
0.8628
0.8632
0.8632
0.864
0.864
0.864
0.8644
0.8648
0.8648
0.8648
0.8652
0.8656
0.8644
0.8652
0.8652
0.8652
0.8652
0.8652
0.8652
0.8652
0.8656
0.8656
0.8652
0.8656
0.8656
0.8656
0.8656
0.8656
0.8656
0.8656
0.866
0.866
0.866
0.8664
0.8664
0.8664
0.8664
0.8664
0.8664
0.8664
0.866
0.866
0.866
0.8664
0.8664
0.866
0.8664
0.8664
0.8664
0.8664
0.8664
0.8668
0.8668
0.8668
0.8668
0.8668
0.8668
0.8664
0.8668
0.8668
0.8668
0.8672
0.8672
0.8672
0.868
0.868
0.868
0.868
0.868
0.868
0.8676
0.8676
0.8676
0.8676
0.8672
0.8676
0.8676
0.8676
0.8676
0.868
0.868
0.868
0.868
0.8688
0.8684
0.8684
0.8688
0.8688
0.8684
0.8684
0.8684
0.8684
0.8684
0.8688
0.8688
0.8688
0.8688
0.8688
0.8688
0.8688
0.8684
0.8684
0.868
0.868
0.868
0.868
0.868
0.868
0.8684
0.8684
0.8684
0.8684
0.8684
0.8684
0.8684
0.8684
0.8684
0.8688
0.8688
0.8688
0.8688
0.8688
0.8688
0.8688
0.8692
0.8692
0.8692
0.8692
0.8692
0.8692
0.8692
0.8696
0.8696
0.8696
0.8696
0.8696
0.8696
0.8696
0.8696
0.8696
0.8696
0.8696
0.8696
0.8696
0.8696
0.8696
0.8692
0.8692
0.8692
0.8692
0.8692
0.8692
0.8692
0.8692
0.8692
0.8692
0.8692
0.8692
0.8692
0.8696
0.8696
0.8696
0.8696
0.8692
0.8692
0.8688
0.8688
0.8688
0.8688
0.8688
0.8692
0.8692
0.8688
0.8692
0.8692
0.8692
0.8692
0.8692
0.8692
0.8692
0.8692
0.8688
0.8688
0.8688
0.8688
0.8688
0.8688
0.8688
0.8688
0.8688
0.8688
0.8692
0.8692
0.8692
0.8692
0.8696
0.8696
0.8696
0.8696
0.8696
0.8696
0.8696
0.8696
0.8696
0.87
0.87
0.87
0.87
0.87
0.87
0.87
0.8704
0.8704
0.87
0.87
0.8704
0.8704
0.8704
0.8704
0.8704
0.8704
0.8704
0.8704
0.8704
0.8704
0.8704
0.8704
0.8704
0.87
0.87
0.87
0.87
0.87
0.87
0.87
0.87
0.87
0.87
0.87
0.87
0.87
0.87
0.8704
0.87
0.8704
0.8704
0.8704
0.8704
0.8704
0.8704
0.8704
0.8704
0.8704
0.8704
0.8704
0.8704
0.8704
0.8704
0.8704
0.8704
0.8704
0.8704
0.8704
0.8704
0.8704
0.8704
0.8704
0.8704
0.8704
0.8704
0.87
0.8704
0.87
0.87
0.8704
0.8704
0.8704
0.8704
0.8704
0.8704
0.8704
0.8704
0.8704
0.87
